ArtFID: 91.88613891601562 FID: 45.40198040190489 LPIPS: 0.9802200198173523 LPIPS_gray: 0.850688099861145
CFSD: 0.3306
