ArtFID: 27.57400131225586 FID: 17.200844982788787 LPIPS: 0.514984667301178 LPIPS_gray: 0.38264885544776917
CFSD: 0.2687
