ArtFID: 24.710487365722656 FID: 15.721238303869418 LPIPS: 0.4777904450893402 LPIPS_gray: 0.3636775016784668
CFSD: 0.2477
