ArtFID: 24.2016544342041 FID: 14.600627829079473 LPIPS: 0.5513256788253784 LPIPS_gray: 0.4334099590778351
CFSD: 0.2770
