ArtFID: 25.249622344970703 FID: 16.041044361938468 LPIPS: 0.4816945493221283 LPIPS_gray: 0.3766704797744751
CFSD: 0.2515
