ArtFID: 23.753498077392578 FID: 15.220876731570185 LPIPS: 0.4643782377243042 LPIPS_gray: 0.35658130049705505
CFSD: 0.2383
