ArtFID: 24.997039794921875 FID: 16.050517055716714 LPIPS: 0.4660576581954956 LPIPS_gray: 0.352990061044693
CFSD: 0.2324
