ArtFID: 24.70220184326172 FID: 15.435666640149584 LPIPS: 0.5029631853103638 LPIPS_gray: 0.4018632769584656
CFSD: 0.2671
