ArtFID: 26.67552375793457 FID: 16.18152585512086 LPIPS: 0.5525700449943542 LPIPS_gray: 0.44259077310562134
CFSD: 0.2947

Note: Hub applied to style and identity