ArtFID: 33.15889358520508 FID: 19.155848876162764 LPIPS: 0.6451250910758972 LPIPS_gray: 0.4933651089668274
CFSD: 0.1441
