ArtFID: 25.630746841430664 FID: 16.271708867754317 LPIPS: 0.48397281765937805 LPIPS_gray: 0.36941418051719666
CFSD: 0.2583
