ArtFID: 25.134998321533203 FID: 16.061849372783918 LPIPS: 0.4731695353984833 LPIPS_gray: 0.3697022497653961
CFSD: 0.2573
