ArtFID: 24.458396911621094 FID: 15.030036899286568 LPIPS: 0.5257853865623474 LPIPS_gray: 0.4087945520877838
CFSD: 0.2293
