ArtFID: 25.300798416137695 FID: 15.82024016771456 LPIPS: 0.5041877031326294 LPIPS_gray: 0.3850226104259491
CFSD: 0.2604
