ArtFID: 24.82278060913086 FID: 15.39068172374031 LPIPS: 0.5144445896148682 LPIPS_gray: 0.40590226650238037
CFSD: 0.2689
