ArtFID: 70.58196258544922 FID: 33.98714163654214 LPIPS: 1.0173687934875488 LPIPS_gray: 1.0078225135803223
CFSD: 0.3326
