ArtFID: 24.595605850219727 FID: 15.611455206692906 LPIPS: 0.48064124584198 LPIPS_gray: 0.3675191104412079
CFSD: 0.2433
