ArtFID: 24.3059024810791 FID: 15.119721462600047 LPIPS: 0.5078364014625549 LPIPS_gray: 0.4031407833099365
CFSD: 0.2601
