ArtFID: 25.120040893554688 FID: 15.911475041080136 LPIPS: 0.485384464263916 LPIPS_gray: 0.37740862369537354
CFSD: 0.2572
