ArtFID: 24.854366302490234 FID: 16.243901608266935 LPIPS: 0.44134238362312317 LPIPS_gray: 0.33051708340644836
CFSD: 0.2261
