ArtFID: 23.94532585144043 FID: 14.879505505163664 LPIPS: 0.5079391598701477 LPIPS_gray: 0.3991803228855133
CFSD: 0.2539
