ArtFID: 26.053035736083984 FID: 16.33367330580509 LPIPS: 0.5030302405357361 LPIPS_gray: 0.39850229024887085
CFSD: 0.2984
