ArtFID: 28.665620803833008 FID: 18.7644627291112 LPIPS: 0.45036178827285767 LPIPS_gray: 0.3368958830833435
CFSD: 0.2382
