ArtFID: 34.34793472290039 FID: 20.293899359904593 LPIPS: 0.6130411028862 LPIPS_gray: 0.4756697714328766
CFSD: 0.1165
