ArtFID: 24.43183708190918 FID: 15.447016647898304 LPIPS: 0.48548755049705505 LPIPS_gray: 0.380077600479126
CFSD: 0.2580
