ArtFID: 26.206493377685547 FID: 15.822404390830076 LPIPS: 0.5578327775001526 LPIPS_gray: 0.4371195137500763
CFSD: 0.2966
