ArtFID: 26.85649299621582 FID: 17.36764696439475 LPIPS: 0.4621630012989044 LPIPS_gray: 0.3564780056476593
CFSD: 0.2381
