ArtFID: 24.345544815063477 FID: 14.894227430133322 LPIPS: 0.5317224264144897 LPIPS_gray: 0.4146128296852112
CFSD: 0.2361
