ArtFID: 26.526351928710938 FID: 15.364299948414047 LPIPS: 0.6209891438484192 LPIPS_gray: 0.5099561810493469
CFSD: 0.3430

Huber for content. L1 for style and idnt