ArtFID: 24.911903381347656 FID: 15.594216867914072 LPIPS: 0.501240074634552 LPIPS_gray: 0.39945098757743835
CFSD: 0.2629
