ArtFID: 24.205209732055664 FID: 14.761849609054302 LPIPS: 0.5356833934783936 LPIPS_gray: 0.4125947952270508
CFSD: 0.2309
