ArtFID: 25.468671798706055 FID: 16.490829471058007 LPIPS: 0.4561157822608948 LPIPS_gray: 0.3628830313682556
CFSD: 0.2444
