ArtFID: 25.153844833374023 FID: 15.888723954005364 LPIPS: 0.4893870949745178 LPIPS_gray: 0.3828718960285187
CFSD: 0.2606
