ArtFID: 24.82562828063965 FID: 15.926401834103729 LPIPS: 0.4666808843612671 LPIPS_gray: 0.3576938807964325
CFSD: 0.2522
