ArtFID: 25.975811004638672 FID: 16.452410786248745 LPIPS: 0.48837947845458984 LPIPS_gray: 0.3748157024383545
CFSD: 0.2516
