ArtFID: 24.324697494506836 FID: 15.359515068588918 LPIPS: 0.48688387870788574 LPIPS_gray: 0.3788204491138458
CFSD: 0.2637
