ArtFID: 24.93336296081543 FID: 16.09624423046216 LPIPS: 0.45841163396835327 LPIPS_gray: 0.34876877069473267
CFSD: 0.2342
