ArtFID: 24.818466186523438 FID: 15.464713045067525 LPIPS: 0.5073732137680054 LPIPS_gray: 0.3905075788497925
CFSD: 0.2783
