ArtFID: 24.645965576171875 FID: 15.15132108188931 LPIPS: 0.5259410738945007 LPIPS_gray: 0.4047714173793793
CFSD: 0.2245
