ArtFID: 26.762914657592773 FID: 15.871194798446993 LPIPS: 0.5863082408905029 LPIPS_gray: 0.47126227617263794
CFSD: 0.3144
