ArtFID: 25.873836517333984 FID: 16.511173986040394 LPIPS: 0.4775615930557251 LPIPS_gray: 0.37804198265075684
CFSD: 0.2551
