ArtFID: 24.3690185546875 FID: 15.42947669636647 LPIPS: 0.4832499325275421 LPIPS_gray: 0.3768620193004608
CFSD: 0.2636
