ArtFID: 26.35102653503418 FID: 15.828398941025782 LPIPS: 0.5658665299415588 LPIPS_gray: 0.4383620023727417
CFSD: 0.3099
