ArtFID: 33.39752197265625 FID: 19.994774566901317 LPIPS: 0.5907540321350098 LPIPS_gray: 0.4506678581237793
CFSD: 0.1905
