ArtFID: 33.41384506225586 FID: 20.004942015842968 LPIPS: 0.590761125087738 LPIPS_gray: 0.4506726861000061
CFSD: 0.1905
