ArtFID: 24.24481201171875 FID: 15.10373298402028 LPIPS: 0.5055398344993591 LPIPS_gray: 0.39882510900497437
CFSD: 0.2634
