ArtFID: 25.902971267700195 FID: 16.193420016070114 LPIPS: 0.5065630674362183 LPIPS_gray: 0.3924254775047302
CFSD: 0.2675
