ArtFID: 31.356128692626953 FID: 18.953954124552883 LPIPS: 0.5714241862297058 LPIPS_gray: 0.4189518094062805
CFSD: 0.1402
