ArtFID: 26.623035430908203 FID: 16.92662795854606 LPIPS: 0.48511114716529846 LPIPS_gray: 0.36947667598724365
CFSD: 0.2730
