ArtFID: 24.351856231689453 FID: 15.18653172812234 LPIPS: 0.5044518709182739 LPIPS_gray: 0.3904320001602173
CFSD: 0.2682
