ArtFID: 25.946439743041992 FID: 16.30167729273581 LPIPS: 0.499648779630661 LPIPS_gray: 0.3966762125492096
CFSD: 0.2703
