ArtFID: 25.29132843017578 FID: 15.884770935212467 LPIPS: 0.4978780150413513 LPIPS_gray: 0.38400036096572876
CFSD: 0.2605
