ArtFID: 25.716760635375977 FID: 16.431174191394884 LPIPS: 0.475331574678421 LPIPS_gray: 0.3713921308517456
CFSD: 0.2517
