ArtFID: 24.859405517578125 FID: 15.774152133838344 LPIPS: 0.48200666904449463 LPIPS_gray: 0.36528074741363525
CFSD: 0.2564
