ArtFID: 24.222261428833008 FID: 14.911081605549446 LPIPS: 0.5223516821861267 LPIPS_gray: 0.40384769439697266
CFSD: 0.2233
