ArtFID: 27.58062744140625 FID: 17.314566772298335 LPIPS: 0.5059393644332886 LPIPS_gray: 0.38967186212539673
CFSD: 0.2616
