ArtFID: 26.38135528564453 FID: 16.99550442458093 LPIPS: 0.46599704027175903 LPIPS_gray: 0.3528103828430176
CFSD: 0.2436
