ArtFID: 24.41347885131836 FID: 14.880275701659567 LPIPS: 0.5373460054397583 LPIPS_gray: 0.4188176691532135
CFSD: 0.2366
