ArtFID: 28.645627975463867 FID: 16.949282629587497 LPIPS: 0.5959205627441406 LPIPS_gray: 0.4773731529712677
CFSD: 0.3149
