ArtFID: 26.525598526000977 FID: 17.061873760709947 LPIPS: 0.46859613060951233 LPIPS_gray: 0.3699023425579071
CFSD: 0.2461
