ArtFID: 90.7830810546875 FID: 43.91076548791568 LPIPS: 1.0214102268218994 LPIPS_gray: 0.8769345879554749
CFSD: 0.3311
