ArtFID: 25.729280471801758 FID: 16.232772430974556 LPIPS: 0.49304357171058655 LPIPS_gray: 0.36856377124786377
CFSD: 0.2623
