ArtFID: 27.39745330810547 FID: 16.10015496797083 LPIPS: 0.6021756529808044 LPIPS_gray: 0.4772598147392273
CFSD: 0.3618
