ArtFID: 24.652158737182617 FID: 15.131584164101021 LPIPS: 0.5281921029090881 LPIPS_gray: 0.4128429591655731
CFSD: 0.2310
