ArtFID: 24.539566040039062 FID: 15.529905727223742 LPIPS: 0.484555721282959 LPIPS_gray: 0.3655620515346527
CFSD: 0.2445
