ArtFID: 24.644710540771484 FID: 15.15912285298749 LPIPS: 0.5251268148422241 LPIPS_gray: 0.4111056923866272
CFSD: 0.2775
