ArtFID: 25.263452529907227 FID: 15.32890734399713 LPIPS: 0.5471612215042114 LPIPS_gray: 0.4409393072128296
CFSD: 0.3045
