ArtFID: 24.284143447875977 FID: 14.819688490851036 LPIPS: 0.5350582599639893 LPIPS_gray: 0.413362979888916
CFSD: 0.2350
