ArtFID: 24.425745010375977 FID: 14.985947463224386 LPIPS: 0.5279510021209717 LPIPS_gray: 0.4090518653392792
CFSD: 0.2311
