ArtFID: 26.146774291992188 FID: 16.354715354715744 LPIPS: 0.5066092610359192 LPIPS_gray: 0.3952910006046295
CFSD: 0.2622
