ArtFID: 24.975210189819336 FID: 15.57749993826755 LPIPS: 0.5065728425979614 LPIPS_gray: 0.3855676054954529
CFSD: 0.2721
