ArtFID: 27.95832061767578 FID: 17.967348683979406 LPIPS: 0.4740237295627594 LPIPS_gray: 0.35969850420951843
CFSD: 0.2519
