ArtFID: 25.26952362060547 FID: 15.218732425086731 LPIPS: 0.558045506477356 LPIPS_gray: 0.44175586104393005
CFSD: 0.2887
