ArtFID: 24.28047752380371 FID: 15.244418688150487 LPIPS: 0.49469658732414246 LPIPS_gray: 0.39045780897140503
CFSD: 0.2555
