ArtFID: 23.818191528320312 FID: 14.898464424266916 LPIPS: 0.49814411997795105 LPIPS_gray: 0.3938712775707245
CFSD: 0.2524
