ArtFID: 25.56676483154297 FID: 16.056787655968726 LPIPS: 0.4989202916622162 LPIPS_gray: 0.3845853805541992
CFSD: 0.2759
