ArtFID: 26.0963191986084 FID: 15.88089547355716 LPIPS: 0.5459084510803223 LPIPS_gray: 0.42633652687072754
CFSD: 0.2904
