ArtFID: 25.317604064941406 FID: 15.640271951996867 LPIPS: 0.5214658379554749 LPIPS_gray: 0.41809409856796265
CFSD: 0.2853
