ArtFID: 26.28911781311035 FID: 16.56041079818093 LPIPS: 0.4970673620700836 LPIPS_gray: 0.3773910701274872
CFSD: 0.2580
