ArtFID: 24.070510864257812 FID: 15.003643841426511 LPIPS: 0.5040644407272339 LPIPS_gray: 0.3958663046360016
CFSD: 0.2558
