ArtFID: 23.958740234375 FID: 14.95101346662655 LPIPS: 0.5020198225975037 LPIPS_gray: 0.3951380252838135
CFSD: 0.2622
