ArtFID: 30.083324432373047 FID: 17.188967081433574 LPIPS: 0.6539326310157776 LPIPS_gray: 0.530113160610199
CFSD: 0.3709
