ArtFID: 25.077322006225586 FID: 15.565054925761402 LPIPS: 0.5138688087463379 LPIPS_gray: 0.4028065800666809
CFSD: 0.2680
