ArtFID: 24.66016960144043 FID: 15.01464434901199 LPIPS: 0.5398512482643127 LPIPS_gray: 0.4216916263103485
CFSD: 0.2458
