ArtFID: 25.74650001525879 FID: 16.361912747509766 LPIPS: 0.4829298257827759 LPIPS_gray: 0.3737201690673828
CFSD: 0.2477
