ArtFID: 24.49843406677246 FID: 14.973258276931157 LPIPS: 0.533715546131134 LPIPS_gray: 0.4135393798351288
CFSD: 0.2391
