ArtFID: 25.940471649169922 FID: 15.722221639277091 LPIPS: 0.5512574911117554 LPIPS_gray: 0.4322394132614136
CFSD: 0.2895
