ArtFID: 27.482791900634766 FID: 17.232789772341484 LPIPS: 0.5073277354240417 LPIPS_gray: 0.39137375354766846
CFSD: 0.2598
