ArtFID: 24.41287612915039 FID: 14.86361564277375 LPIPS: 0.5389224886894226 LPIPS_gray: 0.41632816195487976
CFSD: 0.2379
