ArtFID: 23.881546020507812 FID: 14.954618403073727 LPIPS: 0.4968421459197998 LPIPS_gray: 0.3902389407157898
CFSD: 0.2537
